normal@1 normal@2 normal@3 exponential@1 exponential@2 exponential@3
-0.5467888529104625 1.474465884787251 -2.461520455510215 0.14478769914171935 0.8478386249740845 3.8314484405779767
0.7278975314227795 1.5314068450023652 0.08865903666229115 0.8647543172939555 1.529590132810293 0.5249310366588442
0.36623648022285366 0.6197076479277296 -0.573304022179726 0.3856204181911418 0.7250667612916881 6.24984874713949
-0.8016607966043529 1.6295161441933552 -0.5191935480986173 0.6582730299722891 1.9312727871101618 5.242682097911587
0.42449624358230365 -3.4109727826886456 -1.0691317362919237 1.3039361342168558 1.6346490579357782 0.4567826044738692
-0.7730982276748928 -0.27435555730805095 4.374762912563047 1.010955760456987 0.6946709518180927 9.629810936023727
-0.09241902654587099 -3.1485629113930504 0.9685446807601313 0.08908342766042382 1.400915537781093 1.6073554125891079
0.13949132196137567 -0.6707411034937966 -3.010912582597349 0.6879322416714925 3.4125209354310018 6.126326867882813
-0.425791347288104 -0.045752017563098726 1.6500904821405644 0.36084630096155157 2.676275442324437 1.4080796160340228
0.2201863442510519 0.176379864846044 -5.065779485079329 0.22854860066679925 0.3355227455332014 4.061678811936626
1.2192118201789695 2.4925302616160954 -2.3764846043588306 1.2398209176648691 1.4489954234315199 0.5092919196313892
0.277511865073574 2.862731910743343 -5.370844857472782 0.03815753801967534 1.7500533935430984 4.488322898667066
1.7048202285984904 -0.6145947460720956 -0.5384381701842895 1.9250021655826601 0.345247626297744 2.723356129809409
-1.8434487502914185 1.6153271552022308 -0.056445527367514174 1.0167374089975434 0.16831275763770084 0.37730671446859176
0.9219215336977882 0.2051138516395271 -0.06565569325356622 1.6354855491187994 1.3976800363766388 3.5733629426628606
1.1637999674558495 0.23377841205073252 -2.2241135257770424 0.07965874044716914 0.09640494108991501 1.9640441006134466
-1.3353675597472412 -1.1437584500998745 0.460668533443822 0.33244157363688387 1.696721264315678 1.6573430196723038
-0.19021848449748366 1.5231877175632922 -5.164157121113451 0.15947205338934947 0.01854281918796451 4.96304158577715
0.030229405439064286 1.7089607993423048 4.908366892060626 1.5549542725616632 1.9697197224492238 0.1747353770216347
0.7705743624575974 -1.526727056047874 -0.6253976309038309 3.8262951378488808 0.008818441352823453 5.542005097384506
-0.6682010295111972 0.5228190280756875 -5.470268441604337 0.6569407136571299 2.827967060615767 5.451549759026385
0.06887022874935421 0.4530158231303731 -4.264830145366897 1.9722135197289663 0.9932430905821386 2.171684613797954
-0.2727638200747617 1.249905402428618 0.9774315347115543 0.23889938178772824 2.0868490098442463 0.3428735539988364
-1.1350149561709 1.1836831346399228 -4.031729589297748 0.4868452946573026 5.2866530210434295 0.3277677896526484
1.5026045588223367 -2.122524107429793 4.239087970810907 0.42028079215233594 0.9343843433436414 0.48843810980358116
-0.43016709620132076 -2.3105311169847265 -2.6167540544100487 0.9608799215815197 3.8123445033844456 0.5003174885121822
-0.020248502832859606 -1.0091076660253784 -3.740459575955459 0.9595752449179837 0.7365005313938905 1.7753954089839015
-1.3794601253767318 -0.4656559753647237 0.3136119375511238 0.039560800494885744 0.035547205154793135 4.468852435344803
0.4999906925175814 0.49948152739875024 5.951858143784777 1.5460606147864973 0.3843758801633169 1.2871409469088242
-1.762780391272851 0.38161107311051223 8.173280463116551 1.6980472458690334 2.275545355942256 1.9316261327411661
0.2054243785208669 -1.187775764697005 -2.317771437538395 0.12356018967432993 1.7905813754233058 7.88446222288491
-1.5626805661265566 1.6032090983677645 1.4729907769038684 2.5121302700301165 0.4650964098842609 4.4703521783175075
0.7762491617256085 -0.9483691509855513 1.0580943311433137 0.4806023522469736 0.03081140372040227 0.2875553004631266
-0.5325100811562078 -1.5406287368400866 2.4952229659065552 0.7227094014821376 4.7924974641654075 0.3526863284905608
-0.44618441142665827 1.287990981985734 0.1381062616821603 1.3146015248531968 0.06956342755691827 7.631743878183142
0.1880807170496901 -0.6386303743867197 -2.3575212126189147 0.5839610048167244 0.7536794414851916 2.7128913242159323
-0.9080117729126735 1.8873173821472446 -0.14767346864048447 0.09185367347363538 0.8049809553729518 9.379297359866113
-0.3886190815597472 -0.760536633427265 1.5431986148370322 0.7990886639677665 1.9899095693787496 1.0176178200806585
-1.181882815783887 -1.3085279916931019 -3.5391706740858 1.4898527586965493 3.4051348503511774 1.4555876977894429
0.336635403334954 1.1844223422474263 1.011223269611298 0.9716818965570352 1.6559864099590182 4.6608743701405935
-0.1558665923550241 3.6909253722707023 2.6369190811838017 0.211998331926898 1.089475173339903 1.408561224488147
0.211736286344426 2.8322188999300764 1.2463612485036872 0.20194186237948225 0.47916879770793486 0.028031764279407193
1.9882402480193164 1.51082413788735 0.6822498023837056 0.5206684055075194 0.24545163685468224 0.5960386313736058
-0.9653507889608227 1.048471106974234 -3.0362518845223594 1.8098762461974522 0.04112104831970225 1.7403852481725686
1.8621469359442957 1.0687023151998511 -2.672943641153017 4.620194368159944 1.8407163186144417 1.8166645516511526
-0.5572258797305957 2.0190465754017395 -1.7203895628136192 0.5488150677757498 1.151898954960412 14.343543790702157
0.252670982377432 2.8707022292358513 -6.934746396580286 0.649042962442628 0.5254373947836953 2.4828754162232762
0.2948965633485515 2.1684855679337485 -1.4602413232363523 0.5945531328274354 1.2670882017868046 0.8777102785316235
-0.39403271254370126 2.8710924639926234 -2.1275402513750397 2.5218305636227867 2.1829695833629303 3.328843552853205
0.582334121899844 -0.12433930420520545 3.283293832478419 1.185738536212765 4.131774242679765 0.202773602555001
-0.6699295766801059 -0.8970693707591761 2.1913513280247323 0.7263394815378191 3.529919430164211 11.176116339121597
0.1708374348562332 -0.5891312435990895 -2.2050624926785893 0.226157395640886 0.7084632452120929 0.2848707244457752
-0.22709798764891517 -0.8849421088980449 -3.8208135379538763 1.2543665065780436 6.766788716099502 0.5175736265725637
-1.059544940192512 -3.546677041043468 -0.37120330154401837 0.6130451409398903 2.65152586769665 5.001524526132624
0.7162893183808726 -0.03014246299707028 -0.5657929495729311 1.3241408766600353 0.4432680456738899 0.2885336741475596
2.0313752044712228 2.302454149194708 2.3935883176177293 0.6984809290165571 2.5972278874358348 2.209952503193938
0.6521805362088925 0.2810212071536367 1.020196314886572 1.9957838554326917 1.1435225195821028 0.6182435488222564
1.0242090733662488 -0.12611215429696065 1.0338194035304265 0.9211725582746875 1.8390085306444526 4.236826045029196
-2.3478822508692283 0.6913311252975128 2.3481972376054765 0.1638024054460664 1.3080649327305756 4.219790631864088
-0.10483937937900803 0.09417012040906146 2.2385294846233346 2.268683927094972 0.7702040430444135 8.900678102200278
-0.7053325512990457 2.124125023981947 -3.023279329061288 0.5687995810506993 0.9142560982336396 4.194475761390833
-0.2773831015947121 -1.050023764853895 -2.9644489596357704 2.8539941670494007 5.873142849690674 2.805802880958993
1.6776006869301627 -3.8597638391256885 -2.3578866496383157 1.1892719848229547 0.6371001445722232 0.4311608421211781
0.3078605768528452 -4.001588572628649 2.460977481081244 0.13276690037532435 0.34062495788181146 0.49283212904530943
2.053745076932225 -1.0453289509605517 -2.3537036993592095 0.05959821837559036 0.9662744355701928 0.282676546786636
0.8858099130346473 2.052693883124039 -2.700551876842974 1.2648856466221468 2.3931014940145654 0.21570927950589083
0.7894246225295601 -2.057272316741661 -1.147851254994452 0.23577718826021182 0.6045592452124252 0.8540470848606538
0.860876524493667 -2.502495545816014 5.952057004505897 1.7969564081875438 1.3357670207293626 4.5398169605213
-1.655827808838927 -1.0719206860829118 0.9833634449960384 1.1279312909137542 0.6968075756459756 4.33044208500756
0.8619974389778495 0.9671521003699598 0.9727246206299445 0.3336292143418218 0.35790976066653024 4.881951265723952
-0.37729091869225134 -0.867452289797697 -3.2005541623743547 0.0976881591578147 2.98861640311338 5.1306463119538295
1.4328416694193236 -0.37343924943911067 -0.78670105333946 0.7206714475818875 1.569528903275209 1.0134065726966084
0.5971679454460161 -0.12134259692979382 1.8913951988244375 0.5968588741398756 4.304438214679371 3.563323211180548
-0.1618373975390781 -3.856536690280857 2.9242754182727144 0.035932486291490345 3.1550246454560082 0.5763217499305546
-1.1103938197337506 -0.3242802231875239 5.657940164270398 0.40269194225399435 2.5166003809577977 4.430890990465647
-0.5161544359459251 -0.4978350250379352 1.6580702212776692 0.06065762541717803 0.14830157167488534 0.1497026413228231
0.6425487424295379 -1.760241584607401 0.47696321905358097 3.1240039847749386 1.1964155964190928 8.114533994697348
1.2951851956313174 -0.5103686658230776 3.314077655858581 0.04674261164327113 2.888466740338461 17.6345538373784
1.7388271558815875 -3.3249744632763996 -5.33349742816794 1.306308384520817 4.072543413662469 5.187034628322538
-1.064573080681485 0.9382485204248946 1.2425822850641415 0.05770286034367124 0.5440584585723302 3.261700376056468
1.9249910641571775 -0.39736807046504485 -2.085613740618444 0.10151518853013282 2.719990068411222 2.5488597733806584
-1.0729186685277847 -2.2620402405863573 1.3435493387235788 0.09213664883403241 3.778610935216794 2.1898154509609458
-0.490715654582365 2.5828881392707648 0.5590403218765698 0.05411244473364079 5.569649035693182 0.37523650279829135
-0.2671877812484545 3.1730580810488624 -3.4438684854160417 0.474273587565493 2.16950630644759 1.094564277767593
-1.2124088396407773 -2.7008378494574936 1.1078422300666144 2.0648059546440227 6.818226114473145 3.254811435726406
-0.2977708044437854 -0.035230921511867665 1.5342610215844796 0.557924548681653 4.210499285384774 0.5850580581854372
-0.6944876599022963 -1.2215306588934083 1.2595673698298784 0.3994131650481211 3.683756529794977 3.585406757046077
0.7044487167198543 -1.332505526141885 -0.7862789110907468 1.2448832736829072 2.9507933965304702 2.682507148226357
-1.5427455938630845 -0.8499254060436838 1.6984322162475993 0.16241346382103247 0.6769478117535749 6.037819170424573
-2.833153124789851 -4.437588354822158 -1.1207086908298596 0.16694645138450206 3.5903382779714508 2.030329468148089
0.7003155349529409 -2.743588876017715 -2.7373201554391318 0.3859282988920891 1.783625050014532 2.1726680105497835
-1.4465473163930755 -0.47266046147688395 1.8863532474187643 1.2352813302750885 1.1317020002843328 4.135062969254253
1.7372846165752758 3.8171757498830985 -0.6724724620251801 0.3845858864610055 0.6347910462016928 0.17223106688091178
-0.6482539688662472 0.1815374764077395 -6.207621225464399 0.2608650270508963 3.3799723662623005 4.483952420916408
0.7458580172295919 -3.167284752774136 -1.0639454189766493 0.5004002051866255 0.48790804255127496 7.979886694956614
1.405975001778362 -0.3259163218734461 -2.775168483906414 0.3094146755968506 0.07026061844226873 0.19431479043943667
-0.31412209807138747 -0.7082448998502301 -1.3649446489940766 1.149276079486535 0.49256217370702643 3.6417725693905956
0.21111667767085468 0.2881398895673177 -0.9986197701605163 0.905949433964397 0.9073473351518497 2.6477778404934416
0.6158350738441006 5.801169128696444 -4.144624219951464 0.4042769102629176 0.11376287488033504 2.8150598991467146
0.5742781108173249 1.2583610579048603 -3.851910095827827 0.8827637608946929 0.7173058429632979 0.13652426366672257
1.2491609395391243 0.663960140019907 3.231699663125708 0.21852648405270472 0.75554589870604 3.2406173803069747
-2.4565389995100015 2.8993345734681095 -0.5367776677377323 0.3521114921151033 1.4006813133048597 2.3784387558932116
-1.6109591590295715 -1.4199035237772368 4.484103797592978 0.2402102554237661 1.107428362066308 0.49265615806222207
0.9794250954534106 -0.11483055673498803 0.5024939975887757 2.1526090809608474 0.24898858720484393 1.3460556564872364
-0.475509795899085 -2.8793080418345722 -2.9399304435562286 0.6101730189121782 2.744330251634577 4.042559726438842
-0.4357894730464322 2.3005122262930455 -2.111680759156574 1.7747937109575298 1.7866573507965868 3.1945953330965864
-0.4776109251095083 3.9203652042407735 -1.1556129898517835 0.21294327793299925 0.2812167661502617 0.7956145656938663
1.025378491626881 2.100163093211342 0.6843336902260739 0.029703822695476865 2.8561414726148944 0.5182719775686078
-1.435900991405493 1.3935995844031603 -1.2306007800581322 0.24231988980572425 0.06783870931520597 7.273373700957142
0.726649722799157 -1.6375558311958354 -1.2113392743944347 2.9542564853429867 1.2908763606653426 3.4006502896668467
1.1136835632099817 -0.3869009726817209 -3.785120301392645 0.6304461774776734 0.1249348265098361 4.179124035592501
-0.7470404902072895 -0.12092201994344512 1.2851246856482175 0.2528027039884472 1.5833551153146697 3.2941615510185684
0.06085458221729028 -0.37996271843013724 -1.5358438823550133 1.8969183596690797 1.530175506383653 7.1694340843708115
-1.4318869323087517 -2.971709898093223 -0.5681387018480322 0.7428587002798255 1.4433421955285004 6.08004798447659
-1.0115405068445478 2.520449312929065 -8.836680112936074 0.7607171046293245 1.5878834917780325 1.853438158472101
1.1501712024464448 -2.1047330213950195 0.687474617052342 5.155542809189638 0.2847192884766244 6.849539100185816
-2.026230372526625 -2.0875235722177 -0.757330342078604 0.28218894546949697 0.5705259436813175 13.217483220366685
-0.24148680675917292 0.004107690957450418 1.925122239631591 0.6367356960693759 4.04048781832294 0.15929563156342316
-2.8264456825912103 -0.11151790012395396 -0.9150648751051125 1.3155857918939122 0.23757535634152285 2.979986138009107
0.8332170143245642 4.215750257725177 -0.5651272044241324 0.37188034594124825 1.2747479133071582 1.9611121185409326
-0.42104751876495955 0.4771470532331791 -0.5236919700371305 0.9333416417620695 1.1696992750295951 0.5027238467893376
1.5776522343782822 1.4338835955901181 -3.7646067844990716 0.9155706331243516 2.9890887486750892 4.132115961797316
-0.23839944706557836 -1.8122647709653696 -1.5729297946654999 2.0271129096463234 3.158988585791263 0.3473404969731486
-0.7352323685299005 -1.8425232126380238 -1.9977816104875092 0.7959315186513298 2.2380732310265703 5.302875749297694
-1.2558585324624971 -3.8155607706099213 0.8118011376417096 1.521299854107408 1.302584139608356 2.236701973080821
0.20233957987505585 -2.8780499617314375 -3.2588206178923596 0.40257012032329004 0.21325791098033134 2.423682977453329
1.5878332593718048 0.47714968433052896 -1.000889197686392 2.3792775222252267 1.5946546141544702 1.8260581601564236
-1.9084569723283615 -1.60707746835011 1.5511653931064924 1.2084576891339736 6.740820500194879 6.949349591139502
0.625232185958991 -1.0329313861788807 -1.3240087321552103 0.7038605527838311 2.0185668380828874 2.4973801834706832
0.04756203549292933 -2.195106500097063 0.11805682215697533 0.27403043589164267 2.526151226848194 4.2932019010433615
0.9392472166170813 -3.510228007455639 -1.9527178881932477 0.1730399050995753 1.4214616850045307 1.5487764276438645
1.2043829565361865 0.5038614236315485 2.554421987057204 0.7736305301503772 0.08642650629880665 1.0430315227386888
0.6238675073169274 0.28219857042450297 6.504763039024978 0.44731396179496735 0.658534031652897 0.5393321676616042
-0.03838425181191724 2.276181938098938 -6.4972304757170045 0.7754812514785095 5.713224816888359 1.1744576876173825
0.9239952601843051 -3.4645546037988284 2.622957969699236 3.582300771544465 3.111939627691756 1.5359717188339492
0.34246244329597597 1.4650910177018004 -3.2629378903369615 0.4211119851311066 1.7814670915237343 1.0687049637951667
-0.1755889235735796 0.9021023635421309 4.40963237775906 2.4400604642952604 0.675729552363347 3.2852255794867333
-0.32825587117333227 1.5864745645773703 4.860836993170128 0.41564352574795616 1.7391902979397569 0.5750809201767414
-0.2662917833821519 -1.8477863627554774 3.3412122075479602 0.2810517555541377 8.35234712707635 5.041832562641974
0.5560563313980142 0.39699469189126935 1.624316214877214 0.609056300229279 2.139152896723477 1.3143652180791907
0.26957310550662034 -1.152960069218707 -3.8756328648552945 0.6000569036280827 0.1041707891407329 0.38402410165570755
0.1449980730425637 -1.5513235756772834 1.0133891322326454 1.464456189262897 1.1104232694593184 2.2157653931961288
1.516058136136335 1.5149994215770068 -3.255208033314496 2.41042110448559 4.673339324562799 1.5339355585189036
0.25397252628034156 1.6536532599442328 1.3773882816879919 0.7256446268470871 1.651375821636008 0.5549914203681571
1.4262686990995872 3.955364045909798 4.859133729227481 0.75844557528954 2.919834967521698 0.0478024310618164
1.6917163040942045 1.1573570111431084 1.4289955338689786 0.030763691852675655 3.3989279607513274 1.4932156892094193
0.6524183611380381 2.52118791916667 2.613799561635863 0.6136117203848854 3.041803098626491 0.06396337417840033
0.0433594456707255 2.367750115969257 3.4246029922958057 0.29040365957287495 0.7672981326969789 1.2081753039624967
0.8464542082886394 2.608236002176199 -3.1373149773146847 1.835000501655531 3.59045363198193 2.5319262281367525
-1.828495129137252 0.8512576287108075 -3.49055239205282 0.6870246107444982 3.935869774369114 0.8264979099116121
-0.5795425211243147 -2.8900667942272587 -1.8078457133799688 0.15665497412059487 1.2901383589822093 9.856495848712788
-0.40902142962838617 -0.3759544389380609 -4.984779077180057 0.8803747801823901 1.3010747642695601 5.554111123732442
-0.40630451884846414 0.12823243644025462 1.8264634045388166 0.24725239809991648 0.7123129542366442 2.2840012841972173
-0.0246426112283626 -1.8738386381774708 -0.5079269775918506 1.7015557159407395 0.08627902682909847 4.030845404675136
-0.06251906821953365 1.8109783353547548 -0.620432267383822 0.4617433808823439 0.26108541046249795 3.703402083595352
1.4606510495341778 0.637917059283128 -1.1819848800371877 0.0285264727026116 0.33485419257281973 1.0070041639110003
0.20634219847481816 -1.401026759268316 -1.6272592747635741 0.7955415684935956 2.2169414087548414 14.273816489470159
0.9217680161044702 -0.20228910502781813 -2.5867915177086864 0.06770375485604711 1.2803142918841657 0.8215146984803476
0.2823066005818954 -3.7168729744682807 -2.521646556450903 0.6787456044843976 0.5302426292341924 0.3846978038482316
-2.0198514914459054 -2.596382774634595 -2.104679998313089 0.597989807336836 2.105668234368331 1.9852330605376554
-0.3808208883018371 0.6662508285965714 3.3182420325483637 0.46335435952266824 1.471599182353569 0.3470380122994498
0.05562454264639599 -0.8487231898652207 1.8811937581865732 1.6490812023608454 5.831836210095481 2.5964169538746193
1.7937593078844527 1.306009758138382 0.1337771512296374 2.854833618136844 0.17494446023929477 9.530106673576256
1.707588901942196 0.6918249615395641 -4.3752541930449915 0.7093703766956198 2.0349481389603707 2.8868781812987265
-0.48580301926379055 2.823187089629143 3.8257171378655244 1.8697342147583151 1.241004596562972 0.39112821061804365
1.1451684001818003 -3.7660118829026707 6.289039269337023 0.1266579798471839 3.3433969283015 2.184948147891398
0.5652867830071283 0.6230130422439859 -2.089445540803266 1.3688498981372947 0.32756650752276584 4.630693351096213
1.1292832782490734 -0.15024075684810576 -2.6053310622029957 0.0020544215305890283 0.9630310638215637 0.6592363749061267
1.6243591204311216 -2.1886340036299377 1.0831745015980478 0.012813317206701617 5.274438917967983 7.73898502817306
-1.9240423728447675 0.35356578092187524 0.2597285597452785 0.7023798156019375 1.2108447202737722 0.7475239630556606
1.388488295663254 2.0276990306300733 4.208838291230187 0.8724481505463382 3.5397949730227536 0.2958918934835839
-0.8652279698669236 -1.4301311434876907 -1.5173040433218485 0.17969334112570548 1.2201502147474317 1.5290592485639882
0.6692619449829035 -0.3827833444858342 -2.3011214046855524 1.090446459693646 5.611916326138418 1.1578615949632254
-0.4027266491376719 -1.2478942289850976 -5.553777256662701 0.6188889893088685 3.5751216775946 6.110607800489675
0.7323312063477324 0.2286024260496115 -2.4748179312687633 1.5217822013274918 0.06373406850753174 3.0157081591000345
1.3172650005340545 -2.341435768911804 -0.7306340431251006 0.1131252921642672 1.363067111085473 0.11381008381721955
0.5278188866050694 -1.1044289112027408 3.813512295322549 0.9483021331299945 4.6843089075258275 0.7327458293741831
-0.5600934481676709 -1.3278423262195553 -0.4766208036721814 0.10585267874539898 0.42127703808839684 1.830792426799845
0.76830315603002 0.9316384733881389 0.3539999128232008 0.6386514250669831 3.589091774065949 0.7833119547967677
-1.5388792785346463 -0.3098351777442501 -2.402492365874342 0.14678131548578793 0.8999238236769144 1.159676324845162
0.2142129527356878 1.5866509452572255 -1.154772611447331 1.63957286464356 3.8819788331306415 3.0044795053330433
-0.6566734201264353 -1.9844038564028905 -0.7931246457494509 0.8102526803618482 2.717652117899911 0.7915657102373278
2.4075453076886775 -1.994181020091779 -3.3285259484576004 0.16865169777261035 1.5155090418910933 8.778589246262158
1.4461275285557686 0.3937958752342389 3.226486165893853 1.5866254566447666 7.3453927306398175 1.8175299269867793
-0.15375457679825005 -2.5875050001629862 2.394065716992503 0.1341333109749794 0.6138155805271943 13.70447851554879
0.42628960798150717 -0.22113945241646327 2.43596495250768 0.4134583008692642 0.9211035180122478 9.039210782398822
-2.1433077353456174 -1.2980820459810867 -2.4258420267918783 2.0005930209845753 0.5401304722451666 2.3514159015039113
0.7140831302476118 -2.353800738956507 0.5753244954619693 0.008641412840413976 0.4085318929200154 5.484003895549343
0.1851791837682628 -0.5618785154555784 -0.17082288828816905 0.503760761828167 0.8962548841345356 0.20612732859942617
0.6661983724980445 -1.7555858581744 0.6083019360590768 0.0038290341686437975 3.0589390086182897 0.334797082423211
-0.6919027117527954 2.4934902001751578 -0.39572606527191473 2.7932203143036367 2.237927942044777 0.22604002483892435
0.47187615934820626 2.3638630124301114 2.660777377575737 0.49705903810643653 0.6154909715780531 4.737420167146291
0.42726209156562744 -2.7064441497604723 -2.102398731315988 1.0325259046887383 4.191910078618208 0.014217909735370958
-0.5591573969056465 1.3041921914132768 -0.3177345644526618 2.298830058011704 0.37881250114390047 6.215146523069215
-1.4925041648637187 1.2859730612358573 -2.818570103003593 2.048787744451296 1.4144330807338799 2.2211178433682788
-0.8070822011686024 -0.669860330343041 -1.6032710536984172 1.165337850400579 2.0994740646671177 4.45553168827866
0.5206384639036802 1.4816807417807836 -0.5387696465797671 0.06686910179406298 2.385419680895186 4.6170229791656325
1.402743186631269 2.338262768962958 0.1563939972645559 3.345221399497189 0.09364403231171348 0.87544428969407
1.1736674810065646 1.434220855530596 1.4195948531067184 1.0653982634050527 0.0431358055714403 2.7246139008283334
1.0096972223340368 1.67205867093626 0.7967654805750795 0.04362717365003626 0.04364378161264562 4.391484147111116
1.02061206304234 -1.995370721592927 -3.206439358333662 1.5769862987932783 1.5641239418405026 2.9232009410119333
-0.22373406230768295 -0.31307356379668444 -0.7879678079606918 0.23113541431949597 0.9164226266411367 0.6419761690178449
1.4272606816766662 1.693573886602546 1.9778478891486704 1.4030177557408907 0.3970685909374304 9.677091647845845
-0.18963768109628826 0.16682379086692103 -4.3579366933188615 0.4828172695195241 1.8501983926972696 0.15671411430712548
-0.31936130661257894 -0.5535545906183877 -2.5726224488749936 0.2801143027306702 1.0684768965479594 1.236954717775302
-0.8541658901334517 3.07377356261365 0.1850755556860868 1.4711606256204242 3.990953238692691 0.4507972495630849
-0.11923074614919753 1.083473477569548 -4.6722379857852 3.8144650351454747 0.6295964820235549 0.9716200978393273
0.15291768000558886 1.7815406210026155 -1.1008080271543008 2.464190782065739 0.14316204140092834 0.16416761974915853
0.7343789954740767 3.5478440056299543 2.071505620448005 2.501643524148146 2.9719305805379284 2.3310915052099634
-0.33276299266361553 0.09895996742422827 -0.6346702939848001 0.0001682986004917073 1.1953909910005585 6.422940713261156
2.444728238227288 0.35325569811037943 -4.712513116577101 0.5503192980209861 0.13550483635412652 0.3104569899630466
-0.12795096130600206 0.1375122551985732 1.2687862064326363 0.11962407413585352 2.666571234860804 0.9992505594650862
-0.1935198048820578 -0.7353371300956772 8.276269025161882 0.41741864312702814 1.1588274420761964 14.454718617064902
-0.30187549170028294 0.7644428304729441 -0.9852826445253823 0.8198148596519084 0.37927079984415324 2.2550928994192985
-0.8298826881840614 0.6856294840280337 0.6948758725621716 1.8291487738440788 2.167286098333938 2.3605803624388164
-2.431776329412381 -3.4501394549670774 1.3831570252910355 0.72407576047551 0.05039051357752688 0.9851255844870633
1.2748464496418144 -0.03433074891408792 -1.4291977514088854 0.41448824394350187 1.3451128582296021 3.741026757969471
0.5600440907031586 -1.8902142483364779 -4.138532587937984 0.32536218556980606 7.208930446924335 4.485996764717636
-1.5950567443342814 0.34612295585819164 0.37999990073741147 0.6226152082663493 4.606890687891124 4.177504254734974
-0.08727827664067721 1.4955419483814287 1.4713885325488223 2.3026119052316623 3.31228275694361 0.22394931843303054
1.205736469962558 -1.2831802908049184 -1.6153957280205158 0.5165221726731019 0.12910735326236875 2.2578214339571634
-0.34812870087970194 0.2977115281688069 -0.8031942020140042 0.17885976647535107 2.159312556975866 0.5606532889701925
0.3110971954508722 0.0672782560451767 -2.8779649978715263 0.1189162801529351 1.7836319113557473 5.096839480676889
-0.9875945664598074 3.5337042469876403 -2.3582253628872887 0.26826007589783907 4.6080792092137415 1.8623161681961995
0.36920348789244967 0.4894276030884953 1.434845841713649 0.18883261132974735 0.6637237362762219 2.847757435927764
-0.577584777097577 -1.1359660494895976 -7.1832732735708165 4.469652360977594 0.8428329415152396 0.1355450783757069
-0.916372926475109 -2.391055408342255 3.0915248161635063 1.0313281063320616 3.336265934768213 2.207278128373647
-2.240506234463943 2.6387024898955045 -0.033122185825354845 1.5295559464269675 0.45040430824594674 1.5539843993346723
-2.0033511639616126 -1.3844299221493257 -2.240749458517219 0.792461405987995 0.8317280761346929 0.5534742613679542
1.226298463368476 -1.0621121342085689 6.178613945272958 0.02220518608272946 3.083306033932179 1.4082877668310605
-0.8769739759005406 -0.2912408595850351 0.7589393898268929 0.23412152882652607 0.6859095214101669 5.169443256387167
-0.11370631928478152 -0.02634072879261015 -0.4604817870447663 0.27066217226571776 0.018989809456497937 6.817742530381292
-0.029245030161974606 -0.18809351356169401 -1.386949800765146 0.6416085647957632 0.08878060857454335 1.4811293537180186
0.3223848958706116 -4.408892837465842 -1.3649050439218606 0.6308017096019825 0.034375777582383554 3.613323406683719
-1.0938797206538966 4.258829603018993 3.37271517225755 0.505862760851946 2.95194766835351 0.9484799724713147
0.9640514902729951 0.7244168873263175 0.4111093541488031 1.310612615063225 0.6742489590457313 2.022735667742131
-1.070969620567558 -0.09876258895731398 -1.4561736659146594 1.9044486004122654 2.0177579368739336 0.32617728810909097
-2.5435173896614853 0.5997686466568153 -3.7361940006706273 2.2072535314724173 2.5514369049612142 2.413903176951634
-0.8514992374118344 1.7967479657482095 3.3086679132326315 0.9248608548190099 1.6122505909848965 1.1133538121410422
-0.358389693533792 -3.684704001479045 1.6169924239826643 1.3240403515097197 1.0332174057038097 1.6166885773518382
0.708904324777519 0.25862896334377256 -0.5026831584738702 0.2715170278475619 1.3011351777135451 2.125910256115981
0.46143872317896906 1.2083321488523744 2.6876541712328255 0.31934581217545566 2.002159900029399 0.3269227007405975
-1.0466611675884145 -0.18557626176718844 -0.27616752132072864 0.10284960647572274 0.33538690749484745 0.5379190719114134
1.4305975249765526 -1.814198213237737 7.115092941364072 2.0507962447075005 2.5933469333265626 1.5464270077195403
-0.5891105920107811 -1.9489195635624226 -5.9781538686617814 0.030995820675105888 1.0464882967478994 3.8655162767205216
1.3230676267082095 -0.2709410261353848 6.788350343204997 1.817492162052753 1.7255604856680324 2.0822516712769374
0.16427917611710788 -0.9676621287336639 4.387652037165309 1.6122948566056932 1.3139744064361663 0.12494706686161572
2.223978768369653 -0.4419075330739855 2.1584165132139472 0.6380908480899792 0.5006661545303092 13.376347077224672
-2.123576727785109 2.4122332471529777 -0.5639430137841626 0.2520303875441898 1.5739433624547174 3.7637412075934993
0.7365920592159485 -1.524073972598653 -2.6653484952356585 0.1763110698997849 1.4596002563870425 3.3408762246634094
0.6654299361603221 -0.8025450795323635 -4.666429848875154 1.044509935667395 1.4502017405031067 3.9642582532068555
-1.5218744552175725 -0.4001597441880854 -1.864712867682143 0.14874682381405915 0.09010944766670619 0.30168746100279525
-0.6932056268549871 2.134682685400319 -3.924113567558339 0.44854837927565927 0.4247363908813889 6.256402869303894
-1.530155334467149 -3.0137489506796635 1.2102922132222202 0.7472079228961072 0.11804008991248188 0.48701707112698167
-1.5287247811897875 -0.44188279144536813 3.323377095569276 0.49831225514332317 0.11737321893001544 0.045427882919358675
1.215264310960499 -1.0180304789805183 -2.6491032757446886 1.3390891232677382 7.15803299690096 0.0686636153679799
-1.599732946917965 2.3603396024486423 -1.4403105571527082 0.8520255876688595 1.0498302418622545 1.5012276754025198
1.9784141586694632 -0.8385181786115635 -3.9868344498847934 0.06352856126533744 0.8866889376173591 0.40451397929382726
2.761152667799913 -2.537126347347576 -3.7266102407448014 0.4111559108620982 3.154640691213596 1.05478862944933
0.13002038991008646 0.8733221150866255 -0.7481671990772685 0.3483838705171709 0.06940098230006332 1.7136393464833937
1.1386302074536725 3.578992791746944 -0.8254841445026995 0.4763391588301714 4.753070557842445 1.7725596569974802
-1.785445871958419 4.251496141933475 2.819384760836144 0.5585828098095927 1.884778790829525 0.9337156462953967
-0.6720519956341867 -3.987723126603695 1.491740656687379 0.23035156258986364 0.9397369613035537 5.865019910825815
0.08706138086446004 -1.2310767692775557 1.5770858327689203 0.09301566921688312 0.8394801688215909 7.85525617918268
-0.791910477516827 -0.819890190617382 -0.5616339054572252 0.14307167661692788 2.308494847854812 0.2569226011929244
-1.7606419247126788 0.02456652213174754 2.4384425917372874 0.4703861016548882 0.07831256117660303 1.5144541874648332
-0.33084436163031805 0.04024839890083157 -2.629345829370484 0.913412920633197 6.128706403431042 6.266535882145231
1.214870694757477 -2.5117195170167834 0.2110179097798578 2.978883651515462 9.413949362816728 2.244508382645414
-0.7219752015448742 -1.273067357661828 3.825192542923727 0.0017118860978514597 1.9440535961124998 1.4021351832019757
0.7324186920226291 -2.933527779979248 -2.6971474287423485 0.27412227378314996 0.6549608834392922 1.306338999564369
-2.1306051248044353 0.3415783169894215 -0.05043468962406697 1.9425430559710128 1.8080457852777627 0.3405160775854503
0.5423042918545316 1.082374313668761 0.7116428743512758 0.8073570691414105 1.5547848236596238 2.146473063508286
0.6793974780587224 -0.3188713575875817 -1.3534011859862662 1.7745434275141947 4.590373799475127 7.128285286563026
-0.8664702335829433 -2.4539778975460167 -0.13263696974886263 0.5034147695402409 0.017854928889243612 1.2276149559152705
1.5691755929397664 0.780932685748581 -3.2293402281980907 0.3279897140420269 1.0282515391588398 4.222076013301091
0.40614249834085203 2.798456041062071 -1.3341385126261136 1.4628630578194053 6.274032148534248 1.032674677928375
0.4790086357942198 -4.068232153650459 -0.4505365052415632 0.7806135391797521 2.593090656749401 1.1489106942779175
0.2529774037751807 1.1292644408672852 1.6868996458286651 0.24113788306526115 0.3644805972876214 0.635481559561079
-0.739467057876934 -0.15446318847358426 5.683788732741964 0.011746784429663207 2.190115311950108 0.7418805365733532
-0.7724766333843999 -4.667043353701384 1.4274123751750056 0.586985201337204 0.3345454843927323 0.21408843965909352
0.7055991704708652 0.7416840902872585 4.617562760027896 1.178012059154157 0.01261995560775177 2.1772175541571754
-0.23822411296485638 0.20554294212725202 4.899543620120627 1.0230271419619923 6.668382670361393 0.17690694147691186
0.07683608577679109 -3.103071803196933 0.22804186524061087 1.4885570904718102 0.15749831778497825 2.6086859767385815
1.5819341273350074 2.4050096244358805 1.2516456396858824 1.1288540522616823 1.1283230920835583 8.634452295247117
0.29796219495258686 0.7194305022991614 -1.521561651533801 0.11962310536885032 1.3247009427315093 2.4642419990530486
-0.3164749366367125 1.6804335105853978 2.0381601582819324 1.6736911704161193 2.6170101891449526 9.397893830089576
0.5654663099545342 1.7718101925986842 1.7553186151610638 1.418309549755005 0.9191252673112973 3.5578670985904197
-0.29868563078274946 2.596744183561778 -1.0579636638086758 2.5573935965441996 6.549355186941786 10.235355800655364
-0.44085583783555726 3.205815218576259 0.00798203574153675 2.5039724535171866 0.33643788978486844 2.6404906941886552
0.3445092485454527 0.47032826478748985 -2.9228340674171194 0.6634578536474957 1.2488006497726583 1.9073154426944972
-1.3027622144860316 -0.6824010671769364 0.4680428168716382 1.0463225637529436 0.8881747366493872 7.1490920870566725
-0.49802055257197964 -1.7594121922285408 0.46469324025844283 0.16556388319310028 2.661261025228218 0.4345511072401197
0.6866780136189178 0.8851010103468436 -2.4381650839919975 1.1609836919117575 0.8948134499362154 2.058239825327928
-1.1066268902153937 0.1434458705390467 -3.1322532215931664 3.193189082046613 2.1456193225954796 4.831192210096946
0.491667997879969 1.4005834970851871 0.34930152738015513 0.0939387725041163 0.7572986843740459 1.5127583701316794
1.180545240033168 -2.4405452966270165 0.26588858792747155 1.9304321097909602 1.7440534165501478 0.9010043316903065
-0.4321317250065275 2.1639625781737513 -0.4347276227638699 0.30642117075567726 2.7931640608145685 3.1984934043083126
-1.837378796467008 -0.4666805380813785 3.8465587057343065 0.7471441174502618 2.1826643960961096 3.7137690489572215
0.09884530719387215 0.21700755464199137 -1.733758240421457 0.6632556854144109 0.10101232844864394 1.7462305521878752
-0.7932300255838027 -2.028199259930055 1.64394463970623 0.24195784589723626 0.4153753053298627 7.622967009491727
1.5891765058042564 -2.103629947179598 -1.8481777328318971 2.2647052548041526 0.8226049353508437 7.80344275464237
-0.22024956782094396 -0.4661580534038546 0.36693469291250025 0.47901407584427896 3.1893883381568324 0.14579577861190704
-0.2585544902418362 -0.5965137523320628 1.822215892279319 2.1492512896667266 3.133043099820836 4.089691418664618
0.3490192187477093 -1.9771297425821341 0.7984521160695572 0.44570501119527983 1.1982801264754186 1.4395316886878449
-0.22006810946734956 -3.532909226770221 3.8263689957616656 0.13989293542942038 6.596344165943356 0.27015769883509944
0.516968386219104 -0.8929770336087957 -1.5620087285128237 0.9490657879463742 0.5378585001709252 0.9109058608457976
1.0054329637102732 1.6995448558209252 3.1838209009716265 0.5737495694792751 0.8107633802334946 1.6300622974356629
0.37028483286850106 2.164136161087146 -4.6915795601890675 1.6923043492386443 1.1542610296190858 1.4376681108791218
0.31053975345871354 0.6117178742972638 1.4446800223487923 3.3428590468896204 1.4473885410696985 3.8641722653974337
-0.37944911654043195 0.34208546802087636 -4.212357006443163 0.24330156966080635 2.5708338572167073 16.838716767692954
0.7031741149812594 0.21277609188895935 -8.380880543746088 1.5760874510085046 1.596475251110797 5.739779038319987
0.8528312107935603 -0.22147995625261718 -0.17235505595691825 0.5626428484414076 0.2908000586231608 4.363791364239937
-0.07589122084938033 1.2582431799379654 -0.4228510332937211 0.8595746234537562 0.8214749629927188 0.8305780443284972
-0.7219459530427174 0.7734255610952578 0.9130664638173556 0.9130592055303257 0.8868835161627558 1.282813958103243
-1.0617030191788281 1.0156218915222253 -1.8317885927249944 0.004866178561647173 6.133692620015804 0.9479751827186222
-0.35251377387996613 -1.1012399863240465 -6.7316824996907325 0.8984495328298483 1.0879183467829514 0.8645437969792835
0.12303023580823695 -2.0197491043991347 -4.310010476149534 3.866901869525745 0.8574933840333681 8.466057497709217
0.939909717229902 1.4896121669600564 0.7500927580338712 1.011606085050444 2.5451990528913133 0.10066482796745913
-0.8430343103241952 -3.755308178781675 4.51742069513915 1.372093455175272 1.4646448250895379 1.155385213052095
-1.1393627462156535 1.0691748208029228 -5.765870870872778 0.18205938956583592 0.26274698655622486 6.139398653372636
-0.12320255461614038 -1.5252180933858788 1.7208893364648317 0.3853378507952847 4.119712594553317 9.411794072509768
0.47519593595964293 -1.3437256118701082 3.917790755814906 0.7776661576056149 1.7073492109774677 1.2502205340886507
-0.10723894555319785 -3.4468921762860094 3.5915912252276563 0.8874619492804664 3.097754997822125 0.577204200700566
0.7443007494786399 -1.41069401251067 3.7889682205540782 0.3393278178428954 0.3178505869983363 0.4321475025013396
0.3863548198869858 -3.3495789647393392 -3.1799025452504206 1.4604869869109223 2.1489636792379976 0.4071157873289967
0.46117646966299497 1.2256595750239432 -3.23732043728445 0.14037796481583775 0.653711033914802 11.625716054016909
0.39034470367520774 -0.016766028934876134 0.5127383696220865 1.0404290953191624 1.4623875862727238 5.477572228505873
-0.8928717383992952 -3.192307130525216 0.24126885707837703 1.7505608163618922 0.07808721294438822 5.60605171245624
-0.07944120221660651 2.1128652188635684 1.691516794384514 0.4190994765218252 2.7194444224225767 2.693614117392414
1.8570726681483054 -2.740869796957135 4.896782217968236 2.0125989451634663 0.421929290801687 0.36027486549560556
-0.007037429762922351 0.6473487864285952 3.929041309169521 1.7914693286726027 0.13067811804029028 4.2521963802781375
-0.3785264037068234 -1.628690050289126 0.49733605261895897 2.7899613915045096 3.20244969205762 1.3517084667605923
-0.6177807605645117 -0.07643264901236217 -4.166025014564712 0.6720616495199705 0.2696627090914131 2.743127716154251
0.003563367455967726 -1.2402985120350656 -2.6386892200958005 0.5084639406750852 7.415099501062366 2.4040536807795756
-0.4733599950895208 -2.1637510237530644 -1.655946342550132 0.7727299851868858 0.011128640574240687 7.396024140370558
0.4796659913474454 -0.3123879636077408 0.30105099089449683 0.13357412607021985 0.3931977175378154 0.8337516892716654
1.604487322586734 3.2706629461140193 -4.626273508981928 0.2078732937781262 2.2357348570648226 2.2218806045403277
0.778889792334794 -4.562976423009069 1.6532511669858745 0.246042117058542 2.20727549117906 1.1724772748329162
-1.6305692958202824 -1.8762813236600964 -0.07388458689335065 1.6591541725188428 3.1565687006537093 0.11192001269579685
-0.5341116973642275 -3.2046651515715316 1.781386530096908 0.6592765466657453 1.654310912756478 0.5960824285087047
-1.8209740461408757 -1.7021045077598131 -2.18965499150188 1.828425568095671 3.9756264503955716 1.4963486784184232
-0.7876902697429069 2.0159666655336403 0.9357458732825155 1.1977614521118516 4.626803167624393 0.9579768224476732
-0.703342154404483 -1.078927045205697 -2.501400182058277 0.9454389010615474 3.6374727005323466 10.864958645709667
0.9585516713621827 -3.3508838226667588 3.841784044544741 2.654049769415363 1.228803551234668 2.394199147578211
-0.10078276323129502 -1.2648858219835564 3.560875044572475 0.010334859661489568 3.6272749913881777 5.730180897002926
2.217930499208164 -0.7615617253733499 -0.01372337257998238 0.5759407533661717 2.419874266008247 0.16676114224269153
0.4938995673824395 -2.949768837461214 2.3491808428147096 2.6999521893387093 0.5568181982026338 3.196397696422646
-0.568951072375279 2.3909838421472966 4.7789104372835745 0.3968336553981542 0.5715847254299353 0.35343637672929334
1.029814399179118 3.053177694434246 -1.0763025485681579 0.23200248728685594 1.0172157481786166 1.6507458589019128
-0.40293659257349795 1.900282071843808 -0.3905202560941502 0.4847184777642368 0.3593471766075094 3.5537489863453686
0.4851145727706359 1.6554349355438573 -1.3898751027005938 0.11739630292481827 1.3704885354859564 4.043961140122377
-0.529309643462214 2.2140028992594254 0.22695114713012043 1.001191964403618 6.237394706895982 3.3164185539967797
-0.07684049874692184 0.4917326608035272 0.5022773442641634 0.11008270045626602 2.4288964531050588 3.2202993434344913
0.19200943231573778 -1.6714451477137737 -1.2157269342692727 0.9869405872744993 0.3129851748228914 0.29907034978626884
1.118685002464289 0.0905305550520203 -0.5200523549466911 0.46770466522599374 1.3991428937734132 1.1453287325520018
0.471920495321058 2.9755184518444833 -5.076799682154283 0.45286866325031544 0.20982888705598984 0.8071310680863142
-1.0481212221632672 -0.08412050536611904 0.9607971137651705 0.6289500436023743 0.5246391444164015 1.1874156117824541
0.6021150167585109 -2.211261152517927 1.1747036423888795 0.5992974379282843 2.6046395451656927 7.602572061798442
-0.041908549648349724 -0.0019557742530114945 -1.9867284477279692 1.2945664469519715 1.2960488101347665 6.697385353248913
-0.3835196891587191 -3.376972901982829 0.6897077557123286 1.8590948862938654 0.26945076316146727 1.438185871326601
-0.9783281283531835 -2.133194770195459 -1.1792047151107572 1.210205841526789 1.8944209567814358 1.4911420440182415
-0.4905035748631466 -3.287914170042913 4.280171504675373 5.458972434781503 0.9814902587227923 2.7685007296775384
1.4732581267703138 -0.7972327203963979 1.1257844613259453 0.9475549504069258 0.06218423870005286 0.9338988259178844
-0.26333667410557626 -1.3800584537745855 -2.7480941980664877 1.5433646038615858 0.12294568558389543 0.49306673149772884
0.5447189291060275 3.972783523336736 -2.739540472313549 0.03287305716681639 2.866222452393542 12.062334251634184
1.2201028209480458 -4.553440903634841 -3.1840979611769966 1.5978962510618886 1.3447482359389176 11.113613412508041
-0.58540223380277 -0.20292486217497857 3.378968528918917 1.0346524737271248 0.41292215927118703 3.574443586732807
-2.015052710326689 -3.8405318578844376 2.3378055000402744 1.4018421436433035 5.5653645502932365 14.046271374293283
0.6910315920338791 -1.9270811719325598 5.024725070384704 1.3054176257793435 2.4188055598199276 12.952123668214151
-1.5266792224231402 0.7318128109453819 2.9195041243879536 0.877311798812449 0.6534622238891797 1.3890934971432682
1.433910165937327 0.8759542342100592 -1.2316417106690878 0.42141899846761466 0.10734039840225591 0.9662316537190677
0.24474530615196524 -2.5671697843960457 -0.7033700850753473 1.0811484253531363 0.5690042375572925 1.8999176166955691
-0.5592370524579959 -0.048695903671047557 -1.371827941606299 0.37250895028759096 0.4758619798335512 5.731313603719451
-0.8943841968696067 -2.399527118920996 -0.35642369586835865 2.781672309622636 1.0432976030220293 0.27414687108195324
0.5118842800231147 0.696655800314352 -2.7619059297405806 0.5142650909169061 4.023452670553129 3.7433043900528684
0.5362107328311871 0.4721214558267924 -2.352591013971385 1.373434519852808 0.7892442714182991 0.394562210470995
0.2225262483252109 -2.1130773577307336 -3.862143541883891 0.12407847543188974 8.853820920882086 4.825420582913047
1.1010692137163556 -2.832773835462016 -1.493418747312545 0.09359889410638471 1.2739942589191344 10.201029438477741
-0.5803216553509833 -0.7228726990704339 4.142092448767663 3.4982378002033774 0.13695046122180132 1.4152233249486046
-0.10504840525156411 -1.273286113068635 1.0788119962994167 0.14548978562774167 0.1221278770857103 0.7545765277768142
0.417949451023781 0.5150982663385908 0.18351232338931556 0.29280742128042975 6.674651801489063 1.089093539118206
0.2901302118118301 2.5110266824413787 1.383760303838987 0.9013904405917456 0.9916610258075182 0.49998750027418337
0.13312921320963794 3.5166976267282593 -8.893823636888143 0.4176522253243387 2.8392877676019435 5.077302315781121
0.3528930604817668 1.0465989821163502 0.20379286351272996 0.10029496210307318 1.5263195495999904 6.974666596252828
0.834428058638891 -0.4262182741456081 2.7541672489030526 0.44231036736983853 0.2899418883946679 2.3164387390787424
-0.5200876079839677 0.6458467637400621 -2.3087402633529917 2.074692505741701 0.3246915766305497 2.4840848350844746
0.16992759802326352 -0.7006365638697843 3.09185935787164 3.087271336035572 0.23219454110287055 0.7550143165550942
-0.4064692530504705 2.219526288075814 -1.8688908691711008 1.8640810219240314 1.6230058941353485 1.4245258333751085
-0.5146085470879924 0.26657886452157276 0.5366121848576261 0.05894534668657808 0.2651246294360798 2.405312247083846
0.04337392467646604 1.1614056849533771 -0.5222239488779301 1.0039849425216631 1.3685516730376677 4.716342338589289
-0.7827994861465248 0.7569156402804261 5.357592983025119 2.78033769378359 1.1236238945535668 5.05330844015497
-0.5958471012919939 -2.428975980157935 -1.9270552779993957 0.7992124051496654 1.5112477047888269 14.402172424424503
0.1084462086842403 0.29977876850716745 -4.314616917807319 0.5479098527972751 0.2904841793363749 1.4308680995913488
-0.5845834929792032 1.058550214018688 -0.9626503519328138 1.9945463479698649 1.3353063820514286 7.995147671017036
0.7234010172486202 1.688105995850238 -1.361728478923145 0.6237749028524935 2.0064495525233657 2.9694844817965667
-1.0930845873021706 -1.1985365183829384 0.5428123408644725 1.3519921018093506 1.2013287755817312 1.7182584905004703
1.1986248808334476 -0.527805066595834 0.786656578244004 0.7116067830175494 1.018783600871607 1.999193135186394
-1.2377352095387635 -1.2743651718040827 -3.025958795314892 0.8054460172528946 3.2284346666262533 4.016979802876011
0.45565922453181373 -2.652233805555946 1.5486087539019133 0.7023385113506931 5.29423524353167 0.29948877320533596
1.460252738288444 -2.821179231633086 0.026578778646729074 0.7096704223999133 4.421189924164553 0.058941702185411615
