2 header
# data from https://ourworldindata.org/life-expectancy#life-expectancy-has-improved-globally
Year LifeExpectancy/a
1770 28.7
1800 28.5
1820 29.0
1850 29.3
1870 29.7
1900 32.0
1913 34.1
1950 45.733000000000004
1951 46.068999999999996
1952 46.711999999999996
1953 47.295
1954 47.82
1955 48.286
1956 48.702
1957 49.074
1958 49.418
1959 49.762
1960 50.137
1961 50.573
1962 51.098
1963 51.726000000000006
1964 52.451
1965 53.248000000000005
1966 54.075
1967 54.88399999999999
1968 55.636
1969 56.31399999999999
1970 56.911
1971 57.43600000000001
1972 57.916000000000004
1973 58.373999999999995
1974 58.818000000000005
1975 59.251000000000005
1976 59.674
1977 60.083
1978 60.475
1979 60.852
1980 61.218999999999994
1981 61.58
1982 61.937
1983 62.288999999999994
1984 62.635
1985 62.965
1986 63.27
1987 63.545
1988 63.785
1989 63.995
1990 64.18
1991 64.347
1992 64.509
1993 64.676
1994 64.857
1995 65.054
1996 65.26899999999999
1997 65.499
1998 65.743
1999 66.001
2000 66.27600000000001
2001 66.57
2002 66.885
2003 67.22
2004 67.572
2005 67.941
2006 68.327
2007 68.725
2008 69.13
2009 69.535
2010 69.934
2011 70.32
2012 70.69
2013 71.039
2014 71.36399999999999
2015 71.661
2016 71.928
2017 72.169
2018 72.38600000000001
2019 72.584
